0,0,-1.5e-08,0,0.022561
0.1,0.1000004,9.9123e-07,100885.2,0.038001
0.2,0.2000001,2.10534e-06,94996.58,0.050109
0.3,0.3,3.39153e-06,88455.65,0.062421
0.4,0.40001,6.5811e-06,60781.63,0.074589
0.5,0.500001,9.0461e-06,55272.55,0.088932
0.6,0.600014,1.40885e-05,42588.92,0.101056
0.7,0.699809,3.94221e-05,17751.69,0.113181
0.8,0.800031,3.91338e-05,20443.48,0.125305
0.9,0.899794,5.23872e-05,17175.84,0.137418
1,0.925503,0.000100018,9253.364,0.152086
1.1,0.909487,9.9803e-05,9112.822,0.164179
1.2,0.926363,0.000100114,9253.081,0.176217
1.3,0.930303,9.9933e-05,9309.267,0.188266
1.4,0.880956,0.000100041,8805.95,0.200292
1.5,0.881552,0.000100064,8809.882,0.212338
1.4,0.86621,9.9921e-05,8668.948,0.22439
1.3,0.874124,0.00010007,8735.125,0.236424
1.2,0.886248,9.9952e-05,8866.736,0.248464
1.1,0.880087,0.000100027,8798.494,0.260495
1,0.920917,0.000100073,9202.452,0.27253
0.9,0.887881,9.934e-05,8937.799,0.284574
0.8,0.799997,9.0075e-05,8881.454,0.296609
0.7,0.700039,8.02008e-05,8728.579,0.31188
0.6,0.599976,6.75134e-05,8886.769,0.324021
0.5,0.499989,5.76918e-05,8666.552,0.336139
0.4,0.400007,4.56295e-05,8766.412,0.348256
0.3,0.299998,3.40704e-05,8805.239,0.360369
0.2,0.1999973,2.22551e-05,8986.583,0.373063
0.1,0.1000006,1.09219e-05,9155.971,0.38518
0,1.67e-05,-5.23669e-07,-31.89037,0.023931
0.1,0.0999985,1.1171e-05,8951.616,0.038197
0.2,0.1999996,2.30005e-05,8695.446,0.050319
0.3,0.300004,3.58529e-05,8367.636,0.062742
0.4,0.39999,4.69362e-05,8521.994,0.075015
0.5,0.500029,6.18172e-05,8088.833,0.087137
0.6,0.600034,7.29487e-05,8225.424,0.099244
0.7,0.700029,8.07978e-05,8663.961,0.111358
0.8,0.749809,0.000100066,7493.145,0.135641
0.9,0.758904,0.00010001,7588.281,0.147678
1,0.726845,9.9982e-05,7269.759,0.159691
1.1,0.745647,0.000100001,7456.395,0.171729
1.2,0.73442,9.9946e-05,7348.168,0.183762
1.3,0.745126,0.000100029,7449.1,0.195795
1.4,0.752106,9.9942e-05,7525.425,0.207824
1.5,0.728714,0.000100015,7286.047,0.21985
1.4,0.755864,0.000100021,7557.053,0.231891
1.3,0.738329,9.991e-05,7389.941,0.244016
1.2,0.753489,0.00010006,7530.372,0.256125
1.1,0.769106,9.9933e-05,7696.216,0.268183
1,0.752951,0.000100001,7529.435,0.280239
0.9,0.82707,0.000100004,8270.369,0.29228
0.8,0.792395,9.8302e-05,8060.823,0.304346
0.7,0.699999,8.8385e-05,7919.885,0.31638
0.6,0.599998,7.57727e-05,7918.393,0.331658
0.5,0.500024,6.4497e-05,7752.671,0.343788
0.4,0.399985,5.15423e-05,7760.325,0.355913
0.3,0.300006,3.83726e-05,7818.235,0.368041
0.2,0.2,2.5647e-05,7798.183,0.380653
0.1,0.099999,1.2387e-05,8072.899,0.392752
0,-2e-07,-3.06657e-07,0.6521945,0.023878
0.1,0.0999987,1.21281e-05,8245.207,0.038139
0.2,0.2000016,2.45923e-05,8132.692,0.050253
0.3,0.3,3.7459e-05,8008.756,0.0626
0.4,0.399995,4.98052e-05,8031.19,0.074769
0.5,0.500016,6.20486e-05,8058.457,0.086896
0.6,0.59999,7.40728e-05,8100.004,0.09901
0.7,0.699949,8.77699e-05,7974.818,0.11112
0.8,0.777717,9.9904e-05,7784.643,0.125447
0.9,0.854578,9.984e-05,8559.475,0.137488
1,0.877353,9.9991e-05,8774.32,0.149514
1.1,0.827077,0.000100064,8265.48,0.161552
1.2,0.854956,0.000100039,8546.227,0.1736
1.3,0.832613,0.000100015,8324.881,0.185716
1.4,0.808839,0.000100051,8084.267,0.197745
1.5,0.798587,0.000100001,7985.79,0.209783
1.4,0.7913,9.9982e-05,7914.425,0.22184
1.3,0.815618,0.000100047,8152.348,0.233884
1.2,0.804164,9.995e-05,8045.663,0.245927
1.1,0.802335,0.000100026,8021.264,0.257974
1,0.807865,9.997e-05,8081.074,0.270018
0.9,0.785885,0.000100016,7857.593,0.282066
0.8,0.794105,9.9502e-05,7980.794,0.294106
0.7,0.7,8.9719e-05,7802.138,0.306141
0.6,0.599963,7.91053e-05,7584.359,0.321411
0.5,0.499987,6.67445e-05,7491.059,0.333531
0.4,0.400004,5.41905e-05,7381.441,0.345666
0.3,0.299994,4.08385e-05,7345.862,0.357804
0.2,0.2000033,2.70793e-05,7385.837,0.370359
0.1,0.0999999,1.34765e-05,7420.317,0.382465
0,6.8e-06,-7.16459e-07,-9.491122,0.023996
0.1,0.1000045,1.39707e-05,7158.16,0.038294
0.2,0.1999917,2.85409e-05,7007.197,0.050397
0.3,0.300014,4.23939e-05,7076.82,0.062742
0.4,0.399991,5.49015e-05,7285.612,0.074924
0.5,0.499986,6.85828e-05,7290.254,0.087041
0.6,0.600057,8.07003e-05,7435.623,0.09916
0.7,0.699992,9.02211e-05,7758.629,0.111277
0.8,0.800024,9.56944e-05,8360.197,0.123407
0.9,0.843868,9.9867e-05,8449.918,0.137621
1,0.868032,0.000100121,8669.83,0.149656
1.1,0.875961,9.9923e-05,8766.36,0.161681
1.2,0.826688,9.9964e-05,8269.857,0.173826
1.3,0.918865,0.000100022,9186.629,0.185876
1.4,0.880386,9.9851e-05,8816.997,0.198159
1.5,0.910647,0.000100132,9094.465,0.210225
1.4,0.946039,9.9891e-05,9470.713,0.22227
1.3,0.892578,0.000100085,8918.2,0.234312
1.2,0.911707,0.000100053,9112.241,0.246377
1.1,0.875547,9.9901e-05,8764.147,0.258438
1,0.988359,7.741e-05,12767.85,0.270481
0.9,0.9,4.3709e-05,20590.73,0.282515
0.8,0.799972,4.05452e-05,19730.37,0.297798
0.7,0.699988,3.45826e-05,20241.05,0.309938
0.6,0.599998,2.7417e-05,21884.16,0.322063
0.5,0.500002,2.16291e-05,23117.1,0.334191
0.4,0.399999,1.57777e-05,25352.17,0.346314
0.3,0.300001,1.08652e-05,27611.18,0.358495
0.2,0.2000017,6.56837e-06,30449.21,0.373483
0.1,0.1,3.01554e-06,33161.56,0.385589
0,4e-07,-8.0657e-08,-4.959272,0.023803
0.1,0.1000001,3.00437e-06,33284.88,0.036604
0.2,0.2000027,6.61762e-06,30222.75,0.048711
0.3,0.300003,1.05378e-05,28469.23,0.062492
0.4,0.399994,1.58839e-05,25182.35,0.074674
0.5,0.50006,2.47488e-05,20205.42,0.086795
0.6,0.599954,4.16414e-05,14407.63,0.098915
0.7,0.700007,5.29932e-05,13209.37,0.111025
0.8,0.799987,7.19321e-05,11121.42,0.123142
0.9,0.884842,9.8997e-05,8938.069,0.13858
1,0.879138,9.9888e-05,8801.237,0.150638
1.1,0.895293,0.000100049,8948.545,0.162692
1.2,0.901388,9.9958e-05,9017.667,0.174738
1.3,0.866781,0.000100065,8662.18,0.186778
1.4,0.885198,0.000100074,8845.434,0.198809
1.5,0.837999,9.9963e-05,8383.092,0.210837
1.4,0.847211,0.000100066,8466.522,0.222876
1.3,0.83441,9.9984e-05,8345.435,0.234919
1.2,0.826913,9.998e-05,8270.784,0.246957
1.1,0.854281,0.000100041,8539.309,0.259009
1,0.835061,9.9951e-05,8354.704,0.271111
0.9,0.844221,0.000100005,8441.788,0.283168
0.8,0.79997,9.2753e-05,8624.735,0.295217
0.7,0.7,8.4044e-05,8328.971,0.30725
0.6,0.59999,7.16131e-05,8378.216,0.322545
0.5,0.500014,5.97984e-05,8361.662,0.334674
0.4,0.39999,4.79126e-05,8348.326,0.346795
0.3,0.299995,3.58683e-05,8363.792,0.358922
0.2,0.2000015,2.38344e-05,8391.296,0.371563
0.1,0.0999984,1.18175e-05,8461.891,0.383679
0,-6.4e-06,-5.60004e-07,11.42849,0.025038
0.1,0.0999989,1.19604e-05,8360.832,0.039368
0.2,0.2000061,2.45873e-05,8134.529,0.051476
0.3,0.299988,3.71774e-05,8069.096,0.063869
0.4,0.400001,4.81853e-05,8301.308,0.07599
0.5,0.499991,6.29291e-05,7945.307,0.088098
0.6,0.599946,7.39944e-05,8107.992,0.100212
0.7,0.700101,8.17613e-05,8562.743,0.112317
0.8,0.800093,7.19452e-05,11120.87,0.124509
0.9,0.900052,3.93146e-05,22893.58,0.136726
1,1.000105,3.93588e-05,25409.95,0.148854
1.1,1.099863,4.93322e-05,22295.03,0.160975
1.2,1.199864,5.75678e-05,20842.62,0.173094
1.3,1.300221,6.3108e-05,20603.11,0.185213
1.4,1.399956,5.54264e-05,25257.93,0.197322
1.5,1.5001,5.93886e-05,25259.06,0.209507
1.4,1.399958,5.05203e-05,27710.8,0.221634
1.3,1.30002,4.4476e-05,29229.7,0.234001
1.2,1.199996,3.8786e-05,30938.9,0.246126
1.1,1.099994,3.13834e-05,35050.19,0.25824
1,1.000029,2.91772e-05,34274.33,0.270359
0.9,0.899985,2.47866e-05,36309.34,0.282477
0.8,0.800007,2.05603e-05,38910.28,0.294593
0.7,0.7,1.6608e-05,42148.36,0.306723
0.6,0.599999,1.26748e-05,47337.95,0.318835
0.5,0.499999,9.3967e-06,53210.06,0.330963
0.4,0.400001,6.64057e-06,60235.94,0.345567
0.3,0.299999,4.42048e-06,67865.71,0.357713
0.2,0.2,2.67925e-06,74647.76,0.370301
0.1,0.0999994,1.19509e-06,83675.2,0.382414
0,-3.1e-06,-2.5738e-08,120.4445,0.023779
0.1,0.0999998,1.20343e-06,83095.65,0.036567
0.2,0.2,2.73308e-06,73177.51,0.048669
0.3,0.299996,4.7566e-06,63069.42,0.061008
0.4,0.400019,9.3663e-06,42708.33,0.07562
0.5,0.499985,1.31609e-05,37990.18,0.08781
0.6,0.600057,1.57358e-05,38133.24,0.099933
0.7,0.699954,2.09804e-05,33362.28,0.112056
0.8,0.800031,2.92294e-05,27370.76,0.12424
0.9,0.899407,3.99886e-05,22491.59,0.136375
1,0.900563,0.000100042,9001.849,0.150619
1.1,0.876691,9.9912e-05,8774.632,0.162656
1.2,0.869809,0.00010008,8691.137,0.174683
1.3,0.883598,9.9935e-05,8841.727,0.186715
1.4,0.85862,0.000100031,8583.539,0.198757
1.5,0.895991,0.000100024,8957.76,0.210789
1.4,0.90808,9.992e-05,9088.07,0.222826
1.3,0.908411,0.000100067,9078.028,0.234863
1.2,0.939411,9.9931e-05,9400.596,0.246895
1.1,0.895405,0.00010004,8950.47,0.258936
1,0.924017,0.000100025,9237.861,0.270973
0.9,0.888962,9.9779e-05,8909.31,0.283005
0.8,0.799998,9.0727e-05,8817.64,0.295047
0.7,0.700001,7.92656e-05,8831.082,0.310344
0.6,0.600009,6.9079e-05,8685.838,0.32247
0.5,0.499995,5.72121e-05,8739.323,0.334586
0.4,0.400009,4.536e-05,8818.541,0.346703
0.3,0.299997,3.39796e-05,8828.738,0.358814
0.2,0.1999971,2.22723e-05,8979.634,0.371436
0.1,0.1000028,1.09275e-05,9151.48,0.383544
0,-1.16e-05,-5.45704e-07,21.25695,0.023859
0.1,0.099999,1.12037e-05,8925.534,0.038116
0.2,0.200002,2.34749e-05,8519.823,0.050237
0.3,0.299991,3.54865e-05,8453.665,0.062577
0.4,0.400006,4.92245e-05,8126.157,0.074754
0.5,0.500023,6.09495e-05,8203.89,0.086881
0.6,0.600021,7.14268e-05,8400.502,0.099012
0.7,0.699992,8.2669e-05,8467.406,0.111134
0.8,0.800131,8.46071e-05,9457.02,0.123265
0.9,0.899976,8.3865e-05,10731.25,0.135391
1,1.000653,6.67551e-05,14989.91,0.14751
1.1,1.099976,5.14514e-05,21378.93,0.159624
1.2,1.200038,6.38405e-05,18797.44,0.171743
1.3,1.300113,5.75325e-05,22597.89,0.183876
1.4,1.400089,5.46036e-05,25640.97,0.196003
1.5,1.500181,5.52793e-05,27138.21,0.208131
1.4,1.400035,4.18412e-05,33460.68,0.220246
1.3,1.30006,3.21918e-05,40384.82,0.232371
1.2,1.199973,2.65109e-05,45263.38,0.244551
1.1,1.100014,2.22504e-05,49437.94,0.256679
1,1,2.01884e-05,49533.4,0.26884
0.9,0.899995,1.68352e-05,53459.12,0.280967
0.8,0.800002,1.4224e-05,56243.11,0.293091
0.7,0.699998,1.15748e-05,60476.03,0.30522
0.6,0.600002,8.9137e-06,67312.34,0.31734
0.5,0.5,6.73677e-06,74219.54,0.332137
0.4,0.4,4.81295e-06,83109.11,0.344262
0.3,0.299999,3.24615e-06,92416.86,0.356377
0.2,0.2000002,1.95797e-06,102146.7,0.369008
0.1,0.0999987,8.63335e-07,115828.4,0.382436
0,2e-06,-1.5711e-08,-127.2993,0.023896
0.1,0.0999967,9.04192e-07,110592.3,0.035308
0.2,0.2000003,1.93715e-06,103244.6,0.047929
0.3,0.299996,3.27198e-06,91686.38,0.060255
0.4,0.399999,4.60769e-06,86811.18,0.07243
0.5,0.500019,6.34571e-06,78796.38,0.084554
0.6,0.600005,7.36467e-06,81470.72,0.096671
0.7,0.699867,2.01079e-05,34805.57,0.112607
0.8,0.799795,6.67457e-05,11982.72,0.12473
0.9,0.899787,9.6247e-05,9348.728,0.140835
1,0.885828,0.000100021,8856.42,0.152882
1.1,0.90115,0.000100047,9007.267,0.16492
1.2,0.855251,0.000100008,8551.826,0.176958
1.3,0.856454,0.000100037,8561.372,0.188991
1.4,0.879712,9.9861e-05,8809.365,0.20102
1.5,0.879612,9.9978e-05,8798.056,0.21305
1.4,0.982069,0.00010003,9817.745,0.225089
1.3,0.925633,0.000100038,9252.814,0.237138
1.2,0.928194,0.000100048,9277.487,0.249269
1.1,0.965806,9.99e-05,9667.728,0.261316
1,0.934369,0.00010001,9342.756,0.273361
0.9,0.899984,9.3071e-05,9669.865,0.285404
0.8,0.800052,8.22562e-05,9726.343,0.300682
0.7,0.699959,7.24238e-05,9664.765,0.312808
0.6,0.599996,5.90694e-05,10157.48,0.324931
0.5,0.500008,4.84869e-05,10312.23,0.337054
0.4,0.399994,3.80601e-05,10509.54,0.349165
0.3,0.299994,2.78862e-05,10757.79,0.361341
0.2,0.1999991,1.81604e-05,11012.92,0.373969
0.1,0.0999991,8.69202e-06,11504.7,0.388549
0,-6.1e-06,-4.34247e-07,14.0473,0.023868
0.1,0.1000062,8.79407e-06,11372,0.03665
0.2,0.2000038,1.85434e-05,10785.71,0.050169
0.3,0.299993,2.8343e-05,10584.38,0.062499
0.4,0.39999,3.9139e-05,10219.73,0.074684
0.5,0.499959,5.1986e-05,9617.185,0.086807
0.6,0.599892,6.31398e-05,9501.012,0.098917
0.7,0.700028,8.12913e-05,8611.352,0.111026
0.8,0.800252,7.52685e-05,10631.96,0.123137
0.9,0.899981,7.10693e-05,12663.43,0.135249
1,1.000248,6.63658e-05,15071.74,0.147382
1.1,1.099835,6.5417e-05,16812.68,0.159519
1.2,1.200202,4.84256e-05,24784.45,0.171637
1.3,1.299803,5.3348e-05,24364.61,0.183766
1.4,1.40021,6.44051e-05,21740.67,0.195887
1.5,1.499937,5.7579e-05,26050.07,0.208007
1.4,1.399985,5.11837e-05,27352.16,0.220131
1.3,1.30006,4.49038e-05,28952.12,0.232262
1.2,1.199956,3.88833e-05,30860.45,0.244394
1.1,1.099999,3.19455e-05,34433.61,0.256524
1,1.00002,3.01231e-05,33197.78,0.268646
0.9,0.899981,2.55552e-05,35217.14,0.282673
0.8,0.800003,2.10531e-05,37999.3,0.294813
0.7,0.700002,1.71725e-05,40762.96,0.306951
0.6,0.599998,1.32309e-05,45348.24,0.319072
0.5,0.500001,9.9077e-06,50465.9,0.331261
0.4,0.4,7.04447e-06,56782.13,0.34581
0.3,0.299999,4.68577e-06,64023.42,0.357936
0.2,0.2000003,2.82717e-06,70742.23,0.370561
0.1,0.0999991,1.29384e-06,77288.61,0.382664
0,-9e-07,-4.4336e-08,20.29953,0.023817
0.1,0.1000001,1.48749e-06,67227.41,0.036617
0.2,0.2000002,3.19582e-06,62581.81,0.048783
0.3,0.299999,5.10094e-06,58812.49,0.061367
0.4,0.399983,8.69025e-06,46026.64,0.073543
0.5,0.500057,9.4626e-06,52845.62,0.087104
0.6,0.600114,2.2353e-05,26847.13,0.099236
0.7,0.699583,4.38784e-05,15943.68,0.111346
0.8,0.799915,6.44767e-05,12406.26,0.123453
0.9,0.900057,7.49823e-05,12003.59,0.135571
1,0.925027,9.9961e-05,9253.879,0.151239
1.1,0.933753,0.000100063,9331.651,0.163296
1.2,0.936515,0.000100019,9363.371,0.175328
1.3,0.920728,9.9918e-05,9214.836,0.187359
1.4,0.937975,0.00010014,9366.637,0.199399
1.5,0.915071,9.9968e-05,9153.639,0.211432
1.4,0.88612,0.000100035,8858.1,0.2235
1.3,0.947835,9.9986e-05,9479.677,0.235546
1.2,0.901864,9.9892e-05,9028.391,0.247579
1.1,0.941883,0.000100092,9410.173,0.259628
1,0.93813,9.9936e-05,9387.308,0.271712
0.9,0.898997,9.8075e-05,9166.424,0.28377
0.8,0.800001,8.4996e-05,9412.219,0.295818
0.7,0.699986,7.51545e-05,9313.96,0.311102
0.6,0.599989,6.4986e-05,9232.589,0.323243
0.5,0.499999,5.37023e-05,9310.57,0.335361
0.4,0.400006,4.30817e-05,9284.824,0.347471
0.3,0.299995,3.19327e-05,9394.602,0.359682
0.2,0.2000025,2.0981e-05,9532.553,0.3723
0.1,0.0999989,1.03145e-05,9694.983,0.384408
0,-2e-06,-4.85516e-07,4.119329,0.023981
0.1,0.0999997,1.043913e-05,9579.314,0.036818
0.2,0.2000048,2.17515e-05,9194.989,0.050363
0.3,0.299992,3.34993e-05,8955.172,0.062703
0.4,0.4,4.51232e-05,8864.62,0.074875
0.5,0.499979,5.77096e-05,8663.706,0.086995
0.6,0.599954,6.91298e-05,8678.66,0.099107
0.7,0.700337,6.59657e-05,10616.68,0.111224
0.8,0.800095,6.72088e-05,11904.62,0.123338
0.9,0.900232,6.77843e-05,13280.83,0.135458
1,1.000165,5.97802e-05,16730.71,0.147579
1.1,1.100008,5.69865e-05,19302.96,0.159725
1.2,1.20005,5.07747e-05,23634.8,0.17185
1.3,1.300187,5.56659e-05,23356.97,0.183979
1.4,1.399901,6.1487e-05,22767.43,0.196099
1.5,1.500251,5.39385e-05,27814.1,0.208277
1.4,1.39994,4.44878e-05,31467.95,0.220402
1.3,1.300017,3.85594e-05,33714.66,0.232526
1.2,1.200006,3.27675e-05,36621.84,0.244641
1.1,1.099995,2.56892e-05,42819.36,0.256771
1,1.000033,2.32618e-05,42990.35,0.268897
0.9,0.899991,1.93442e-05,46525.11,0.281102
0.8,0.800001,1.55069e-05,51590,0.293222
0.7,0.7,1.22723e-05,57039.02,0.305341
0.6,0.6,9.3996e-06,63832.5,0.317469
0.5,0.5,7.08379e-06,70583.68,0.332072
0.4,0.399995,5.34184e-06,74879.63,0.344208
0.3,0.3,3.70576e-06,80955.05,0.356329
0.2,0.199999,2.31654e-06,86335.22,0.369015
0.1,0.1000001,1.05563e-06,94730.26,0.381116
0,2.2e-06,-2.439e-08,-90.2009,0.023755
0.1,0.1,1.2945e-06,77249.9,0.03657
0.2,0.200002,2.81754e-06,70984.62,0.048691
0.3,0.300016,4.33877e-06,69147.71,0.061008
0.4,0.399999,4.75437e-06,84132.91,0.073174
0.5,0.499961,8.00874e-06,62426.92,0.085294
0.6,0.599979,1.6222e-05,36985.51,0.098889
0.7,0.699943,2.6389e-05,26524.04,0.111034
0.8,0.800222,5.40012e-05,14818.6,0.123162
0.9,0.89997,7.68926e-05,11704.25,0.135284
1,0.959948,9.9552e-05,9642.679,0.158737
1.1,0.950448,0.000100044,9500.3,0.17078
1.2,0.979685,0.000100049,9792.052,0.182811
1.3,0.897678,9.9941e-05,8982.079,0.194861
1.4,0.924071,0.00010008,9233.323,0.207081
1.5,0.91792,9.991e-05,9187.469,0.219112
1.4,0.899807,0.000100032,8995.192,0.231161
1.3,0.931652,9.9957e-05,9320.528,0.243201
1.2,0.899194,9.993e-05,8998.239,0.255234
1.1,0.918393,0.000100082,9176.405,0.267272
1,0.920144,9.9913e-05,9209.452,0.279319
0.9,0.89163,9.936e-05,8973.732,0.291361
0.8,0.8,8.7633e-05,9128.981,0.303402
0.7,0.699998,7.7056e-05,9084.276,0.318679
0.6,0.599988,6.61588e-05,9068.907,0.330811
0.5,0.500004,5.43775e-05,9195.053,0.342939
0.4,0.399967,4.19125e-05,9542.905,0.355068
0.3,0.300002,3.11642e-05,9626.495,0.367184
0.2,0.2000087,2.01405e-05,9930.672,0.379799
0.1,0.0999969,9.864e-06,10137.56,0.391905
0,-1.19e-05,-4.96171e-07,23.98367,0.023945
0.1,0.0999992,1.01829e-05,9820.307,0.038178
0.2,0.2000112,2.16155e-05,9253.138,0.050285
0.3,0.299994,3.36196e-05,8923.188,0.062617
0.4,0.400009,4.53193e-05,8826.46,0.074784
0.5,0.499998,5.82275e-05,8586.974,0.086971
0.6,0.599937,7.50781e-05,7990.839,0.09909
0.7,0.700067,8.82909e-05,7929.096,0.111222
0.8,0.800445,8.10139e-05,9880.342,0.123353
0.9,0.899938,6.67372e-05,13484.8,0.135472
1,1.000115,7.97983e-05,12533.04,0.14759
1.1,1.099948,7.18195e-05,15315.45,0.159711
1.2,1.200155,8.03334e-05,14939.68,0.171828
1.3,1.300348,8.02772e-05,16198.22,0.183954
1.4,1.400099,6.94161e-05,20169.66,0.196079
1.5,1.500072,6.75207e-05,22216.48,0.208208
1.4,1.399928,5.59456e-05,25023.02,0.220331
1.3,1.30004,5.03487e-05,25820.73,0.232466
1.2,1.199973,4.25921e-05,28173.6,0.244585
1.1,1.1,3.39453e-05,32405.08,0.256702
1,1.000016,3.19507e-05,31298.72,0.268814
0.9,0.899967,2.6823e-05,33552.06,0.280925
0.8,0.800008,2.2516e-05,35530.64,0.293065
0.7,0.699997,1.80974e-05,38679.42,0.305267
0.6,0.599999,1.38987e-05,43169.43,0.317401
0.5,0.5,1.05662e-05,47320.7,0.329509
0.4,0.4,7.62227e-06,52477.81,0.344096
0.3,0.299999,5.07375e-06,59127.67,0.35627
0.2,0.1999997,3.045e-06,65681.35,0.368876
0.1,0.1000003,1.48624e-06,67284.09,0.380973
0,6e-07,-4.0597e-08,-14.77942,0.023743
0.1,0.0999999,1.38332e-06,72289.78,0.036578
0.2,0.1999986,3.10602e-06,64390.63,0.04869
0.3,0.299997,5.45313e-06,55013.73,0.061005
0.4,0.400101,1.18834e-05,33668.9,0.074745
0.5,0.499811,2.74671e-05,18196.72,0.086897
0.6,0.599924,4.46974e-05,13421.9,0.099019
0.7,0.700045,5.35148e-05,13081.33,0.111146
0.8,0.799919,6.3106e-05,12675.8,0.123267
0.9,0.899996,8.8792e-05,10136,0.13788
1,0.96084,9.94e-05,9666.398,0.149972
1.1,0.919166,0.000100036,9188.352,0.162009
1.2,0.938445,9.9971e-05,9387.172,0.17404
1.3,0.947092,9.9925e-05,9478.029,0.186073
1.4,1.018114,0.000100063,10174.73,0.198105
1.5,0.981879,9.9947e-05,9823.997,0.210119
1.4,0.964858,0.000100097,9639.23,0.22216
1.3,0.993338,9.9914e-05,9941.93,0.234198
1.2,0.931076,0.000100015,9309.364,0.246249
1.1,1.010686,9.9722e-05,10135.04,0.258291
1,0.97192,9.9335e-05,9784.265,0.270347
0.9,0.899855,9.3095e-05,9665.986,0.282403
0.8,0.8,8.2522e-05,9694.385,0.294463
0.7,0.700018,7.31507e-05,9569.532,0.309735
0.6,0.599985,6.16536e-05,9731.549,0.321857
0.5,0.500005,5.04683e-05,9907.308,0.333976
0.4,0.399999,4.00788e-05,9980.314,0.346099
0.3,0.299998,2.91139e-05,10304.29,0.358224
0.2,0.2000011,1.89806e-05,10537.13,0.370891
0.1,0.1000017,8.9859e-06,11128.74,0.383011
0,1.2e-06,-3.9784e-07,-3.016288,0.023946
0.1,0.1,8.29166e-06,12060.31,0.036776
0.2,0.2000033,1.80363e-05,11088.93,0.050276
0.3,0.299966,2.83298e-05,10588.36,0.062605
0.4,0.400043,3.90345e-05,10248.45,0.074786
0.5,0.499969,5.57934e-05,8961.078,0.086901
0.6,0.600025,6.62456e-05,9057.583,0.099018
0.7,0.700128,8.11255e-05,8630.184,0.111137
0.8,0.800443,6.42568e-05,12456.94,0.123258
0.9,0.899778,5.36419e-05,16773.79,0.135388
1,1.000227,4.60968e-05,21698.4,0.147517
1.1,1.099906,4.7656e-05,23080.12,0.159642
1.2,1.200192,5.43035e-05,22101.56,0.171759
1.3,1.300043,6.06701e-05,21428.07,0.183891
1.4,1.399988,6.09359e-05,22974.77,0.19601
1.5,1.500188,6.74056e-05,22256.13,0.208127
1.4,1.399976,5.32282e-05,26301.4,0.22025
1.3,1.300021,4.69011e-05,27718.35,0.232387
1.2,1.199984,4.13522e-05,29018.63,0.244526
1.1,1.099975,3.32779e-05,33054.22,0.256659
1,1.000037,3.07042e-05,32570.04,0.268778
0.9,0.899987,2.66472e-05,33774.17,0.280904
0.8,0.800006,2.23707e-05,35761.33,0.29303
0.7,0.699997,1.83601e-05,38125.99,0.305138
0.6,0.599999,1.44691e-05,41467.61,0.317252
0.5,0.500002,1.10831e-05,45113.91,0.329437
0.4,0.4,7.95087e-06,50308.96,0.34398
0.3,0.3,5.29388e-06,56669.21,0.35609
0.2,0.2,3.08727e-06,64782.15,0.368709
0.1,0.1000004,1.33775e-06,74752.68,0.3809
0,3.9e-06,-3.8975e-08,-100.0641,0.023801
0.1,0.1,1.87846e-06,53235.1,0.03661
0.2,0.2000023,4.44622e-06,44982.55,0.048784
0.3,0.299994,7.72465e-06,38835.93,0.061103
0.4,0.400001,9.06423e-06,44129.62,0.073249
0.5,0.500004,1.25249e-05,39920.8,0.086782
0.6,0.600059,2.1265e-05,28218.15,0.098894
0.7,0.699989,3.23757e-05,21620.81,0.111016
0.8,0.799935,4.47755e-05,17865.46,0.123142
0.9,0.885514,9.9641e-05,8887.044,0.141365
1,0.914041,9.9635e-05,9173.895,0.153418
1.1,0.976625,0.00010014,9752.596,0.165467
1.2,0.900399,9.9965e-05,9007.142,0.1775
1.3,0.881069,0.00010001,8809.809,0.189546
1.4,0.907422,0.000100071,9067.782,0.203174
1.5,0.894244,9.994e-05,8947.809,0.21527
1.4,0.876325,0.000100035,8760.184,0.227316
1.3,0.908593,9.9965e-05,9089.111,0.239375
1.2,0.88087,9.994e-05,8813.988,0.251427
1.1,0.896964,0.000100034,8966.591,0.263479
1,0.886163,9.9994e-05,8862.162,0.275589
0.9,0.877118,0.000100001,8771.092,0.287639
0.8,0.8,9.0303e-05,8859.063,0.299688
0.7,0.700002,8.06012e-05,8684.759,0.314989
0.6,0.599985,7.02233e-05,8543.959,0.32712
0.5,0.500005,5.7912e-05,8633.876,0.339245
0.4,0.400007,4.6492e-05,8603.781,0.351453
0.3,0.299997,3.43443e-05,8734.987,0.363573
0.2,0.1999998,2.25613e-05,8864.729,0.376199
0.1,0.0999996,1.10791e-05,9025.968,0.388304
0,-1.29e-05,-5.40805e-07,23.85333,0.024135
0.1,0.1000001,1.12621e-05,8879.348,0.038374
0.2,0.2000043,2.34792e-05,8518.361,0.050484
0.3,0.300001,3.51042e-05,8546.014,0.062814
0.4,0.400017,4.70097e-05,8509.244,0.07499
0.5,0.500022,6.22002e-05,8038.913,0.08712
0.6,0.599907,7.50292e-05,7995.647,0.099245
0.7,0.700107,9.28486e-05,7540.308,0.111371
0.8,0.798782,9.5068e-05,8402.217,0.126102
0.9,0.899995,6.9217e-05,13002.51,0.138161
1,1.000001,6.691e-05,14945.46,0.150211
1.1,1.0999,6.94019e-05,15848.27,0.165472
1.2,1.200354,6.02733e-05,19915.19,0.177597
1.3,1.29993,6.35341e-05,20460.35,0.189734
1.4,1.400011,6.90421e-05,20277.64,0.201879
1.5,1.500119,6.13429e-05,24454.65,0.214058
1.4,1.399933,5.75557e-05,24323.1,0.226185
1.3,1.299974,4.71096e-05,27594.67,0.238317
1.2,1.199985,4.2225e-05,28418.83,0.250433
1.1,1.099947,3.48222e-05,31587.52,0.262556
1,1.000114,2.88277e-05,34692.81,0.274673
0.9,0.89998,2.50745e-05,35892.24,0.286785
0.8,0.8,2.41056e-05,33187.31,0.298895
0.7,0.700004,1.98914e-05,35191.29,0.311011
0.6,0.6,1.58139e-05,37941.3,0.323139
0.5,0.500002,1.20915e-05,41351.53,0.335263
0.4,0.399999,8.8134e-06,45385.32,0.349866
0.3,0.300002,4.92978e-06,60855.05,0.36199
0.2,0.2000026,2.78705e-06,71761.4,0.3746
0.1,0.1,1.1975e-06,83507.31,0.386694
0,-4e-06,-3.559e-08,112.3911,0.025467
0.1,0.1000002,1.43367e-06,69751.2,0.038271
0.2,0.2000013,3.29781e-06,60646.7,0.05038
0.3,0.299988,5.78219e-06,51881.38,0.06277
0.4,0.399987,7.95376e-06,50289.05,0.074886
0.5,0.49999,1.21728e-05,41074.36,0.088369
0.6,0.599953,2.4903e-05,24091.6,0.100491
0.7,0.700149,5.50811e-05,12711.24,0.112607
0.8,0.800101,7.42265e-05,10779.18,0.124742
0.9,0.895451,9.8182e-05,9120.317,0.148621
1,0.929551,0.000100056,9290.307,0.160693
1.1,0.961424,0.0001,9614.24,0.17274
1.2,0.933885,0.000100021,9336.889,0.184769
1.3,0.9373,0.000100153,9358.681,0.196804
1.4,0.867985,0.000100019,8678.201,0.20886
1.5,0.839931,0.000100123,8388.992,0.220902
1.4,0.836441,0.0001,8364.41,0.232947
1.3,0.845709,9.9905e-05,8465.132,0.245057
1.2,0.85626,0.000100063,8557.209,0.257128
1.1,0.851835,9.9935e-05,8523.891,0.26918
1,0.823736,0.000100042,8233.902,0.281223
0.9,0.844653,9.9989e-05,8447.459,0.29327
0.8,0.799507,9.7818e-05,8173.414,0.305306
0.7,0.699999,8.349e-05,8384.226,0.31735
0.6,0.600033,7.13218e-05,8413.038,0.332642
0.5,0.500001,5.98398e-05,8355.66,0.344777
0.4,0.399992,4.70427e-05,8502.743,0.356898
0.3,0.300005,3.47791e-05,8626.014,0.369114
0.2,0.1999981,2.24792e-05,8897.029,0.381827
0.1,0.1000005,1.11073e-05,9003.133,0.393937
0,1.59e-05,-5.38417e-07,-29.53101,0.026946
0.1,0.1000009,1.07544e-05,9298.603,0.04862
0.2,0.2000073,2.41836e-05,8270.369,0.060979
0.3,0.299984,3.64196e-05,8236.883,0.07345
0.4,0.400002,5.29446e-05,7555.105,0.085586
0.5,0.50003,6.87221e-05,7276.116,0.09771
0.6,0.599969,8.21666e-05,7301.86,0.109834
0.7,0.700006,7.6277e-05,9177.157,0.12534
0.8,0.800089,5.29605e-05,15107.28,0.140623
0.9,0.899992,4.98782e-05,18043.79,0.152755
1,0.999871,6.26684e-05,15954.95,0.164873
1.1,1.099971,6.32083e-05,17402.32,0.176993
1.2,1.199971,6.43517e-05,18647.08,0.189115
1.3,1.300258,6.14653e-05,21154.34,0.201232
1.4,1.400267,4.87528e-05,28721.78,0.213346
1.5,1.50016,5.54735e-05,27042.82,0.225473
1.4,1.400086,4.61065e-05,30366.35,0.237619
1.3,1.299979,3.38059e-05,38454.2,0.249804
1.2,1.200007,3.11698e-05,38499.03,0.261931
1.1,1.099955,2.4183e-05,45484.64,0.274065
1,1.000034,2.23111e-05,44822.26,0.28619
0.9,0.899992,1.86577e-05,48237.03,0.298329
0.8,0.799998,1.42827e-05,56011.68,0.31048
0.7,0.699999,1.08811e-05,64331.64,0.322611
0.6,0.599999,8.14519e-06,73662.98,0.337175
0.5,0.499999,5.9474e-06,84070.18,0.349441
0.4,0.4,4.20677e-06,95084.83,0.361551
0.3,0.299999,3.04247e-06,98603.77,0.373679
0.2,0.1999996,1.85698e-06,107701.5,0.386275
0.1,0.1000014,7.92159e-07,126239.1,0.399694
